100  2.21239
200  2.11555
300  2.08513
400  2.112
500  2.0944
600  2.08052
700  2.06684
800  2.06514
900  2.06081
1000  2.02032
1100  2.01855
1200  2.01815
1300  2.02082
1400  2.01846
1500  2.01902
1600  2.01626
1700  2.01308
1800  2.0067
1900  2.00977
2000  2.00741
2100  2.012
2200  2.01091
2300  2.01947
2400  2.01384
2500  2.01694
2600  2.02232
2700  2.02104
2800  2.02171
2900  2.02054
3000  2.02162
3100  2.02137
3200  2.01829
3300  2.0217
3400  2.02261
3500  2.01976
3600  2.01635
3700  2.01594
3800  2.0091
3900  2.00889
4000  2.01094
4100  2.01038
4200  2.01353
4300  2.01685
4400  2.01179
4500  2.00983
4600  2.01188
4700  2.01412
4800  2.01303
4900  2.01253
5000  2.01307
5100  2.01334
5200  2.00815
5300  2.00511
5400  2.00622
5500  2.00194
5600  2.00033
5700  1.99611
5800  1.99379
5900  1.99049
6000  1.99403
6100  1.99145
6200  1.99059
6300  1.98915
6400  1.98953
6500  1.98796
6600  1.98644
6700  1.98854
6800  1.98687
6900  1.98944
7000  1.98709
7100  1.9903
7200  1.99115
7300  1.99146
7400  1.98954
7500  1.98835
7600  1.98554
7700  1.98672
7800  1.98449
7900  1.98644
8000  1.98741
8100  1.98819
8200  1.98881
8300  1.98941
8400  1.9888
8500  1.98865
8600  1.98806
8700  1.98878
8800  1.98935
8900  1.98764
9000  1.98821
9100  1.98752
9200  1.98821
9300  1.98578
9400  1.98501
9500  1.98689
9600  1.98521
9700  1.98317
9800  1.98208
9900  1.98201
